1
Boeing
737-700
850 
4,3
26,02
149
1
AirBus
A320
840
4,46
23,86
180
1 
Boeing
787-9
910
9,024
138,7
280
1 
Boeing
757-300
850
6,781
43,4
279
1 
Ильюшин
ИЛ-96-300
900
15,3
150,4 
300
1 
Туполев
Ту-154М
850
10,19 
39,75
180
1  
Сухой
SSJ-95LR
925
3,576
15,805
98
1
AirBus
A380 
925
20,667 
310,0
700
1 
Embraer
E-195LR
890
4,07 
16,25
118
1 
Bombardier
CRJ-900LR
830
2,594
8,82
86
2
Ильюшин
ИЛ-96-400Т
830
12,987
150,4
92
2 
Антонов
Ан-225_Мрия
850
24,35
375,0 
250
2 
AirBus
A300-600ST_Beluga
750
13,22
68,75
69
2 
Hughes
H-4_Hercules
408
9,406
52,996
59
2 
Boeing 
747_LCF_Dreamlifter
878
25,53
199,15
183
2 
Антонов,
Ан-22_Антей
560
24,42
127,62
105